33192136
31496852
43133559
35599125
35529414
35532102
26008405
35500835
35908098
37204171
36898195
35899634
36423953
35674037
36183526
37041514
31563046
37834869
33122876
26008830
36302090
37272181
35221101
29755179
34370472
39145991
37634385
36354489
35620393
35620394
38764045
40887771
36860984
39263329
40772499
39413510
34300186
38652916
39427030
41249924
37007953
39420424
43028164
45393399
45690501
46107637
47229774
48455785
47664723
48433719
47205210
47921515
47921574
48468527
48468541
48660958
46961347
45596742
49010421
49035782
49140016
47448915
48546544
46892085
49287050
49256040
45262221
48413250
45130483
49559611
45189370
47364920
45286411
32222762
43283102
38738362
48697323
29532725
48525682
49082522
41118774
51339492
46700501
46700599
46700719
46700936
47109994
48636059
48637472
50104492
50390676
49718509
48799383
49221331
48980211
46874415
42941381
49666228
47557358
49686193
39007349
47123936
39695921
45178292
45799111
37969115
37010913
39072097
39258685
39751186
34878152
40430431
38937525
39710659
39880030
40268500
38665217
36390579
38228963
39811196
40762871
36862855
36435151
41598133
41314201
41539325
39731733
41670003
41075629
41415839
41561445
41561454
41740192
40062046
20446796
31267642
41040327
42295138
38613007
38664959
40064642
39661369
40950262
41076133
41360093
42052883
40522394
41744267
41861575
42106010
42733866
42189933
42783107
40347509
41058795
35262205
41355275
42623125
42739793
40729001
40731912
41969252
42922424
40851068
42592269
40213648
42916428
39696859
40608813
39305332
43214488
43349158
43572857
42905461
42401084
41878171
42866187
43320599
35365030
41863571
42589465
41437381
43572692
43040593
44357190
42739800
42105254
44270738
39484957
44702824
39593188
33235889
46874360
42537950
47688503
45425284
45970624
47370305
48064775
44950080
47405131
47976395
48002155
48339425
48624087
48812316
48900033
45930103
47526251
48177092
51407079
42133512
42063280
43527701
29785186
41950597
23214784
41967741
44520430
40979072
44788892
44573982
43489782
44217597
43698028
41799415
43679417
44504204
41655236
44774629
44776738
44850061
42058313
42058345
42977909
44049197
44124573
42500395
41135193
43729731
46111200
39146010
44470355
46045587
44209225
40501685
46619780
47526873
45240877
46375308
51190751
33722644
46264199
48412482
48126226
49445394
48433541
48433706
48513251
49208286
50012660
50566956
49607261
49686287
52110492
27974039
